version https://git-lfs.github.com/spec/v1
oid sha256:927cb0fd83e4e1886ec598f3543217bbae72e67ee5ba899177318b5399d64831
size 115787687
